0 0.156641 0.486816 0.060156 0.073242
0 0.214844 0.441406 0.053125 0.087891
0 0.273438 0.355469 0.042188 0.076172
0 0.410156 0.254395 0.032813 0.043945
0 0.526563 0.207520 0.026562 0.053711
0 0.801953 0.305176 0.032031 0.057617
0 0.756250 0.269043 0.035937 0.069336
0 0.893359 0.283691 0.035156 0.071289
0 0.868750 0.237793 0.032813 0.061523
0 0.921875 0.224121 0.029687 0.051758
0 0.934375 0.309082 0.042188 0.077148
0 0.820703 0.512207 0.049219 0.096680
0 0.940625 0.524414 0.059375 0.093750
0 0.963281 0.514648 0.053125 0.091797
