0 0.735547 0.732910 0.071094 0.098633
0 0.262109 0.392090 0.047656 0.086914
0 0.078906 0.663086 0.084375 0.082031
0 0.072656 0.377930 0.062500 0.060547
0 0.272656 0.239258 0.039062 0.056641
0 0.579297 0.246582 0.032031 0.063477
0 0.596875 0.298340 0.040625 0.075195
0 0.504297 0.182617 0.028906 0.052734
0 0.655469 0.190430 0.034375 0.058594
0 0.682422 0.248047 0.030469 0.070312
0 0.612500 0.120605 0.023438 0.051758
0 0.915234 0.349609 0.041406 0.068359
0 0.937500 0.306152 0.039062 0.067383
0 0.900000 0.212891 0.035937 0.056641
0 0.867578 0.285645 0.038281 0.059570
0 0.986328 0.317383 0.027344 0.072266
