0 0.198437 0.583496 0.085938 0.174805
0 0.528516 0.494629 0.064844 0.145508
0 0.430859 0.485352 0.066406 0.138672
0 0.758203 0.810059 0.139844 0.245117
0 0.739844 0.624023 0.081250 0.167969
0 0.835547 0.593262 0.085156 0.155273
0 0.931250 0.585449 0.070312 0.135742
0 0.984766 0.620605 0.030469 0.149414
0 0.889844 0.342285 0.035937 0.051758
0 0.794141 0.332520 0.033594 0.055664
0 0.592578 0.410156 0.032031 0.037109
0 0.431641 0.354492 0.044531 0.048828
0 0.409766 0.383789 0.044531 0.066406
0 0.350781 0.399902 0.053125 0.079102
0 0.775000 0.340820 0.015625 0.033203
