0 0.336719 0.548340 0.070312 0.120117
0 0.505078 0.465332 0.052344 0.106445
0 0.577734 0.471680 0.060156 0.109375
0 0.041797 0.603027 0.082031 0.114258
0 0.060547 0.544434 0.074219 0.104492
0 0.692187 0.640625 0.051562 0.103516
0 0.716016 0.716309 0.072656 0.122070
0 0.780859 0.629395 0.057031 0.114258
0 0.863281 0.622559 0.054688 0.102539
0 0.947656 0.684570 0.089063 0.117188
0 0.551172 0.261230 0.038281 0.061523
0 0.903516 0.230469 0.028906 0.060547
0 0.578516 0.204102 0.027344 0.056641
0 0.506641 0.291992 0.028906 0.046875
0 0.680859 0.277832 0.027344 0.057617
0 0.646875 0.226074 0.031250 0.055664
0 0.963672 0.239258 0.028906 0.041016
0 0.941797 0.246094 0.028906 0.056641
0 0.930469 0.250488 0.026562 0.047852
0 0.939844 0.215332 0.029687 0.030273
