0 0.473047 0.653320 0.077344 0.113281
0 0.280469 0.736816 0.075000 0.137695
0 0.423828 0.517578 0.063281 0.111328
0 0.504687 0.443359 0.057813 0.085938
0 0.310156 0.284180 0.043750 0.082031
0 0.135547 0.262207 0.041406 0.067383
0 0.096484 0.255859 0.033594 0.066406
0 0.863281 0.437500 0.062500 0.099609
0 0.740234 0.351074 0.057031 0.084961
0 0.807031 0.243652 0.031250 0.059570
0 0.819531 0.221680 0.028125 0.052734
0 0.857812 0.223633 0.037500 0.056641
0 0.800000 0.861328 0.076563 0.132812
0 0.940625 0.716797 0.085938 0.148438
0 0.091016 0.789062 0.103906 0.123047
0 0.022656 0.405762 0.043750 0.083008
0 0.036719 0.365234 0.054688 0.085938
0 0.042578 0.304688 0.058594 0.064453
0 0.477344 0.215332 0.051562 0.071289
0 0.398438 0.191895 0.040625 0.065430
