0 0.255469 0.649414 0.057813 0.066406
0 0.208203 0.711914 0.066406 0.060547
0 0.053906 0.558594 0.064062 0.074219
0 0.212109 0.211426 0.047656 0.061523
0 0.310547 0.215820 0.050781 0.064453
0 0.513672 0.147949 0.042969 0.057617
0 0.453516 0.382324 0.042969 0.075195
0 0.837891 0.187988 0.038281 0.055664
0 0.662109 0.090820 0.035156 0.066406
0 0.785937 0.086914 0.032813 0.054688
0 0.841797 0.076172 0.032031 0.066406
0 0.879297 0.087891 0.033594 0.064453
0 0.957812 0.075195 0.037500 0.066406
0 0.917578 0.855469 0.055469 0.062500
0 0.895312 0.957520 0.064062 0.065430
0 0.972266 0.969238 0.055469 0.061523
