0 0.182812 0.595215 0.100000 0.139648
0 0.314063 0.551758 0.079687 0.128906
0 0.717969 0.650879 0.076563 0.153320
0 0.856641 0.632324 0.092969 0.131836
0 0.955078 0.756836 0.089844 0.152344
0 0.315625 0.222656 0.031250 0.048828
0 0.219531 0.421387 0.051562 0.120117
0 0.274219 0.401367 0.054688 0.091797
0 0.396875 0.254883 0.037500 0.054688
0 0.345703 0.219238 0.025781 0.043945
0 0.165234 0.288086 0.035156 0.064453
0 0.075781 0.358887 0.045312 0.067383
0 0.611328 0.348145 0.046094 0.079102
0 0.666797 0.359863 0.041406 0.077148
0 0.728125 0.384277 0.045312 0.083008
0 0.730078 0.336426 0.036719 0.081055
0 0.747266 0.343750 0.032031 0.074219
0 0.815625 0.324707 0.037500 0.057617
0 0.818750 0.345703 0.032813 0.060547
0 0.842187 0.312988 0.029687 0.063477
