0 0.703516 0.214355 0.032031 0.045898
0 0.727734 0.266602 0.044531 0.056641
0 0.628516 0.299805 0.030469 0.048828
0 0.514062 0.356934 0.043750 0.067383
0 0.466797 0.350586 0.028906 0.066406
0 0.758203 0.324707 0.046094 0.063477
0 0.809375 0.266113 0.037500 0.045898
0 0.837500 0.155762 0.025000 0.067383
0 0.811719 0.117676 0.029687 0.051758
0 0.671484 0.120605 0.025781 0.051758
0 0.142187 0.508789 0.050000 0.074219
0 0.215625 0.500000 0.051562 0.072266
0 0.101953 0.554688 0.053906 0.072266
0 0.064062 0.566406 0.053125 0.082031
0 0.576562 0.237305 0.026562 0.042969
0 0.500391 0.840332 0.064844 0.088867
