0 0.348828 0.567871 0.069531 0.071289
0 0.409375 0.495605 0.067187 0.075195
0 0.610547 0.623047 0.058594 0.076172
0 0.610547 0.720703 0.053906 0.085938
0 0.197266 0.645996 0.072656 0.083008
0 0.448047 0.327637 0.052344 0.094727
0 0.468359 0.187500 0.036719 0.074219
0 0.295312 0.132324 0.043750 0.073242
0 0.155859 0.193359 0.041406 0.074219
0 0.152734 0.153320 0.050781 0.074219
0 0.025000 0.115234 0.048438 0.068359
0 0.855859 0.381836 0.053906 0.064453
0 0.723437 0.529785 0.062500 0.075195
0 0.745313 0.608398 0.067187 0.054688
0 0.902734 0.110352 0.039844 0.062500
0 0.796094 0.047363 0.031250 0.041992
