0 0.182422 0.313477 0.064844 0.089844
0 0.264844 0.203125 0.059375 0.068359
0 0.376563 0.224609 0.035937 0.072266
0 0.358594 0.097656 0.028125 0.054688
0 0.369141 0.044922 0.033594 0.035156
0 0.566016 0.138672 0.042969 0.048828
0 0.792188 0.909180 0.057813 0.068359
0 0.909375 0.700195 0.050000 0.078125
0 0.920703 0.627930 0.049219 0.082031
0 0.833594 0.494629 0.062500 0.075195
0 0.869141 0.451172 0.046094 0.056641
0 0.840234 0.096191 0.035156 0.059570
0 0.676953 0.068359 0.041406 0.064453
0 0.573438 0.062988 0.042188 0.059570
0 0.517969 0.058105 0.037500 0.051758
0 0.973047 0.741211 0.053906 0.082031
