0 0.424609 0.519531 0.055469 0.126953
0 0.371484 0.485840 0.061719 0.124023
0 0.248438 0.469238 0.089063 0.114258
0 0.189062 0.374512 0.042188 0.067383
0 0.293750 0.312500 0.037500 0.058594
0 0.196875 0.328125 0.029687 0.068359
0 0.445703 0.244141 0.027344 0.046875
0 0.475000 0.244141 0.023438 0.041016
0 0.901953 0.381836 0.035156 0.060547
0 0.850391 0.303711 0.024219 0.046875
0 0.865625 0.312988 0.014063 0.034180
0 0.878906 0.322754 0.025000 0.043945
0 0.894141 0.316406 0.033594 0.062500
0 0.922656 0.685547 0.076563 0.142578
0 0.975391 0.498535 0.049219 0.092773
0 0.992188 0.444824 0.015625 0.092773
