0 0.312891 0.481934 0.071094 0.102539
0 0.310547 0.292480 0.061719 0.083008
0 0.257422 0.203125 0.052344 0.082031
0 0.299219 0.180176 0.042188 0.073242
0 0.427344 0.310059 0.042188 0.077148
0 0.469922 0.352051 0.050781 0.079102
0 0.781641 0.360840 0.049219 0.081055
0 0.841016 0.350586 0.046094 0.068359
0 0.703906 0.171387 0.037500 0.061523
0 0.796484 0.169922 0.035156 0.062500
0 0.875000 0.287598 0.028125 0.065430
0 0.903516 0.261230 0.030469 0.063477
0 0.900000 0.147949 0.031250 0.061523
0 0.809766 0.093262 0.028906 0.041992
0 0.920703 0.133301 0.032031 0.055664
0 0.767188 0.044434 0.034375 0.036133
0 0.480078 0.728516 0.058594 0.093750
0 0.860938 0.732422 0.046875 0.085938
0 0.916797 0.628418 0.063281 0.055664
0 0.984375 0.441895 0.031250 0.084961
0 0.980078 0.307129 0.039844 0.067383
