0 0.412109 0.645508 0.083594 0.119141
0 0.266797 0.717285 0.099219 0.141602
0 0.558984 0.552734 0.072656 0.132812
0 0.404687 0.469727 0.045312 0.070312
0 0.346094 0.424316 0.064062 0.061523
0 0.557813 0.330566 0.039062 0.073242
0 0.382422 0.269043 0.039844 0.061523
0 0.282422 0.271484 0.052344 0.056641
0 0.357422 0.230957 0.038281 0.059570
0 0.639453 0.297363 0.049219 0.061523
0 0.695312 0.304688 0.040625 0.078125
0 0.798438 0.473145 0.059375 0.122070
0 0.710156 0.471680 0.071875 0.109375
0 0.160938 0.675781 0.076563 0.099609
0 0.164453 0.768066 0.080469 0.124023
