0 0.465234 0.507812 0.057031 0.099609
0 0.666797 0.585449 0.047656 0.092773
0 0.587891 0.432617 0.064844 0.066406
0 0.619141 0.368652 0.061719 0.069336
0 0.774219 0.311523 0.037500 0.083984
0 0.526172 0.800781 0.072656 0.097656
0 0.166797 0.333008 0.060156 0.074219
0 0.279687 0.136719 0.057813 0.080078
0 0.141406 0.111328 0.057813 0.076172
0 0.198437 0.094727 0.051562 0.070312
0 0.938672 0.645020 0.075781 0.071289
0 0.851953 0.080078 0.038281 0.058594
0 0.591797 0.076660 0.046094 0.051758
0 0.811328 0.053223 0.036719 0.049805
