0 0.156250 0.442383 0.084375 0.140625
0 0.225391 0.321289 0.060156 0.105469
0 0.195703 0.316895 0.041406 0.081055
0 0.405859 0.367188 0.055469 0.113281
0 0.354687 0.323730 0.060937 0.104492
0 0.754687 0.625488 0.100000 0.135742
0 0.958594 0.740234 0.082812 0.154297
0 0.724609 0.461914 0.055469 0.109375
0 0.859375 0.397949 0.045312 0.071289
0 0.707031 0.314453 0.034375 0.070312
0 0.808203 0.331055 0.041406 0.068359
0 0.929297 0.405273 0.039844 0.072266
0 0.954297 0.413574 0.016406 0.032227
0 0.973437 0.514648 0.053125 0.125000
0 0.934375 0.324219 0.025000 0.070312
0 0.818750 0.293457 0.025000 0.032227
