0 0.332422 0.759277 0.092969 0.120117
0 0.631250 0.655762 0.071875 0.081055
0 0.688672 0.746582 0.085156 0.104492
0 0.792969 0.306152 0.037500 0.051758
0 0.729297 0.179688 0.032031 0.054688
0 0.190234 0.432617 0.091406 0.093750
0 0.264453 0.436035 0.072656 0.083008
0 0.340234 0.383301 0.055469 0.077148
0 0.431641 0.336426 0.041406 0.079102
0 0.375000 0.229980 0.037500 0.043945
0 0.415625 0.222656 0.032813 0.064453
0 0.167578 0.344238 0.072656 0.073242
0 0.159375 0.234375 0.050000 0.058594
0 0.225391 0.230957 0.046094 0.047852
