0 0.535156 0.584961 0.085938 0.144531
0 0.538281 0.662109 0.089063 0.156250
0 0.123438 0.606934 0.123438 0.112305
0 0.162891 0.546875 0.071094 0.130859
0 0.265625 0.775391 0.168750 0.156250
0 0.338672 0.333496 0.057031 0.067383
0 0.551953 0.327148 0.041406 0.058594
0 0.573047 0.302246 0.027344 0.057617
0 0.696875 0.358398 0.035937 0.080078
0 0.751953 0.360840 0.036719 0.075195
0 0.967187 0.410156 0.060937 0.109375
0 0.990625 0.456543 0.018750 0.084961
0 0.858203 0.266113 0.027344 0.051758
0 0.825781 0.263672 0.025000 0.054688
0 0.973437 0.264648 0.029687 0.035156
