0 0.228125 0.573730 0.067187 0.100586
0 0.407813 0.273438 0.046875 0.068359
0 0.566797 0.279297 0.041406 0.068359
0 0.497656 0.379883 0.054688 0.068359
0 0.633984 0.489258 0.049219 0.095703
0 0.955078 0.250977 0.038281 0.060547
0 0.946094 0.295898 0.043750 0.058594
0 0.945312 0.347656 0.040625 0.080078
0 0.664844 0.175781 0.032813 0.072266
0 0.686719 0.153320 0.031250 0.064453
0 0.796094 0.082520 0.026562 0.055664
0 0.844922 0.130859 0.027344 0.066406
0 0.888672 0.144043 0.028906 0.065430
0 0.767578 0.057129 0.025781 0.055664
