0 0.596875 0.602539 0.056250 0.109375
0 0.765234 0.562012 0.063281 0.102539
0 0.830469 0.610840 0.053125 0.088867
0 0.383984 0.410645 0.057031 0.098633
0 0.343750 0.388184 0.050000 0.090820
0 0.254688 0.281250 0.046875 0.068359
0 0.137500 0.274414 0.067187 0.074219
0 0.416797 0.272461 0.044531 0.078125
0 0.458203 0.256348 0.033594 0.069336
0 0.362109 0.181152 0.039844 0.049805
0 0.787891 0.327148 0.044531 0.078125
0 0.700781 0.271484 0.032813 0.076172
0 0.732031 0.298340 0.048438 0.067383
0 0.867969 0.263184 0.034375 0.069336
0 0.840234 0.240234 0.032031 0.072266
0 0.942187 0.212402 0.037500 0.057617
0 0.985938 0.201660 0.028125 0.057617
