0 0.188281 0.528320 0.075000 0.101562
0 0.335547 0.532227 0.063281 0.089844
0 0.389062 0.583496 0.070312 0.092773
0 0.108203 0.402344 0.063281 0.080078
0 0.159766 0.361816 0.071094 0.079102
0 0.018750 0.284668 0.035937 0.073242
0 0.211328 0.181641 0.060156 0.064453
0 0.612500 0.187012 0.050000 0.069336
0 0.732422 0.273926 0.042969 0.071289
0 0.789453 0.256348 0.046094 0.073242
0 0.662500 0.597168 0.067187 0.067383
0 0.745703 0.873535 0.064844 0.092773
0 0.770703 0.964355 0.066406 0.071289
0 0.919141 0.972168 0.066406 0.055664
0 0.816016 0.498535 0.061719 0.071289
0 0.932813 0.448730 0.050000 0.055664
0 0.833984 0.398926 0.046094 0.075195
0 0.855078 0.359375 0.036719 0.066406
0 0.584766 0.104492 0.033594 0.048828
0 0.411719 0.088867 0.034375 0.060547
0 0.985547 0.434570 0.028906 0.068359
0 0.205078 0.793945 0.080469 0.105469
