0 0.183203 0.534668 0.053906 0.088867
0 0.553516 0.532715 0.055469 0.094727
0 0.482031 0.546875 0.053125 0.097656
0 0.551953 0.471191 0.042969 0.073242
0 0.728906 0.454102 0.048438 0.060547
0 0.759375 0.513184 0.045312 0.083008
0 0.790234 0.342285 0.038281 0.063477
0 0.773828 0.314941 0.030469 0.061523
0 0.828125 0.321289 0.034375 0.062500
0 0.903125 0.250000 0.034375 0.062500
0 0.953516 0.207031 0.027344 0.052734
0 0.877734 0.436523 0.044531 0.080078
0 0.951172 0.489258 0.050781 0.099609
0 0.905469 0.561035 0.073438 0.112305
