0 0.296094 0.596191 0.085938 0.112305
0 0.201172 0.400391 0.075781 0.111328
0 0.072266 0.352539 0.072656 0.097656
0 0.120313 0.324219 0.037500 0.091797
0 0.361719 0.375977 0.048438 0.089844
0 0.427734 0.412598 0.055469 0.106445
0 0.664844 0.580566 0.073438 0.114258
0 0.744922 0.669434 0.085156 0.114258
0 0.815625 0.610840 0.067187 0.110352
0 0.968359 0.416016 0.042969 0.097656
0 0.804688 0.288086 0.035937 0.068359
0 0.843750 0.299316 0.039062 0.055664
0 0.679688 0.229492 0.034375 0.062500
0 0.706641 0.213867 0.038281 0.054688
0 0.592187 0.226562 0.034375 0.046875
0 0.767578 0.186035 0.027344 0.065430
0 0.696094 0.170410 0.023438 0.045898
0 0.662891 0.163086 0.025781 0.039062
